1134 : 0.304692 0.125263 0.248633 0.561056 1
131 : 0.090009 0.107679 0.102987 0.131363 1
156 : 0.105668 0.067919 0.054428 0.836120 1
169 : 0.135014 0.178169 0.074590 0.094044 1
2 : 0.042508 0.147781 0.041195 0.081367 1
5 : 0.086862 0.108884 0.039980 0.079681 1
6 : 0.249653 0.069517 0.185376 0.116732 1
8 : 0.262812 0.230216 0.099950 0.281690 1
9 : 0.061652 0.313007 0.053135 0.204313 1
10 : 0.123119 0.298270 0.044978 0.053476 1
11 : 0.124858 0.078304 0.118153 0.016120 1
12 : 0.123457 0.148069 0.054428 0.687023 1
13 : 0.043431 0.140601 0.041623 0.007189 1
3 : 0.064412 0.223392 0.041623 0.042399 1
4 : 0.109204 0.191510 0.034636 0.011841 1
7 : 0.280811 0.202377 0.138355 0.247280 1
8 : 0.352250 0.129071 0.089955 0.145138 1
10 : 0.069348 0.314859 0.053135 0.109157 1
12 : 0.136157 0.337807 0.096670 0.050454 1
13 : 0.161527 0.220669 0.054699 0.078585 1
14 : 0.053262 0.077396 0.041623 0.008688 1
2 : 0.053262 0.106277 0.041623 0.118577 1
5 : 0.073082 0.171008 0.029985 0.038388 1
6 : 0.268256 0.192661 0.185376 0.071372 1
9 : 0.065703 0.076696 0.053135 0.821918 1
10 : 0.134128 0.054009 0.044978 0.242215 1
11 : 0.152566 0.182611 0.118153 0.054446 1
12 : 0.150479 0.101612 0.054428 0.069178 1
13 : 0.053262 0.203099 0.041623 0.007189 1
7 : 0.398671 0.251865 0.062467 0.092421 -1
181 : 0.099889 0.162051 0.095643 0.216509 1
1139 : 0.059844 0.312446 0.049480 0.760234 1
27 : 0.287443 0.218863 0.197711 0.151270 1
31 : 1.024967 0.089970 0.865705 0.494450 -1
33 : 0.911361 0.057140 0.810211 0.299842 -1
34 : 1.066127 0.153987 0.876804 0.613718 -1
36 : 0.934699 0.025931 0.819304 0.303030 -1
37 : 0.910240 0.084152 0.799112 0.358306 -1
38 : 1.024643 0.010651 0.886644 0.594530 -1
39 : 1.039136 0.104475 0.874007 0.604192 -1
40 : 0.973451 0.096450 0.864198 0.245248 -1
41 : 0.922882 0.026312 0.828604 0.487409 -1
42 : 0.925700 0.001957 0.852974 0.521056 -1
43 : 0.959792 0.015282 0.830527 0.342612 -1
44 : 0.998720 0.133393 0.875421 0.548482 -1
46 : 0.920882 0.024145 0.805902 0.305344 -1
47 : 0.998736 0.123027 0.896708 1.010962 -1
49 : 0.986094 0.030741 0.837809 0.411884 -1
50 : 0.919842 0.003539 0.794552 0.630202 -1
51 : 0.985155 0.067909 0.828604 0.333116 -1
52 : 0.998703 0.000925 0.827068 0.454915 -1
53 : 1.011524 0.049945 0.886644 0.649189 -1
54 : 0.947503 0.025768 0.839955 0.455965 -1
56 : 0.960307 0.012417 0.398724 0.245776 -1
57 : 0.873908 0.025394 0.794552 0.339856 -1
58 : 0.998703 0.162409 0.864198 0.654664 -1
59 : 0.998720 0.036354 0.875421 0.431328 -1
60 : 0.924784 0.108224 0.805585 0.343535 -1
61 : 0.998736 0.115347 0.896708 0.808241 -1
62 : 0.998703 0.062316 0.874007 0.553550 -1
63 : 0.907912 0.258067 0.794552 1.172023 -1
65 : 0.948814 0.066421 0.843507 0.361741 -1
67 : 0.887793 0.052008 0.799112 0.211437 -1
68 : 0.998668 0.047092 0.851305 0.655903 -1
71 : 0.998752 0.100747 0.887902 0.565111 -1
72 : 0.909091 0.055885 0.805902 0.340821 -1
74 : 0.920882 0.021746 0.815155 0.259965 -1
75 : 1.024643 0.205242 0.867179 0.792393 -1
76 : 0.920882 0.003830 0.779363 0.302604 -1
78 : 0.845070 0.040321 0.766551 0.849478 -1
79 : 0.850801 0.250951 0.810811 0.552147 -1
83 : 0.960809 0.013339 0.893067 0.601238 -1
81 : 0.998720 0.024170 0.865705 0.648065 -1
84 : 1.011673 0.024596 0.905923 0.047506 -1
86 : 0.998686 0.031045 0.834248 0.469484 -1
88 : 0.939358 0.077379 0.848550 0.425997 -1
89 : 1.088348 0.036767 0.953984 1.017274 -1
90 : 1.187584 0.053176 1.022067 1.485588 -1
91 : 0.998752 0.058836 0.850159 0.528026 -1
92 : 0.905459 0.020837 0.799060 0.520723 -1
94 : 1.064389 0.058279 0.940767 0.291971 -1
95 : 0.894942 0.015033 0.810811 0.504282 -1
97 : 1.011378 0.057395 0.918485 0.130152 -1
98 : 0.827858 0.005987 0.740306 0.227870 -1
99 : 0.961298 0.036058 0.864198 0.465116 -1
100 : 1.128405 0.073309 0.998852 1.048593 -1
102 : 0.998703 0.027407 0.854606 0.613718 -1
103 : 1.115435 0.027899 0.987371 0.665281 -1
104 : 1.091877 0.039320 0.941447 0.279441 -1
105 : 0.998752 0.066812 0.887902 0.886076 -1
106 : 1.152369 0.048249 0.977199 1.326379 -1
107 : 0.998720 0.017358 0.865705 0.523771 -1
108 : 1.025641 0.110932 0.417353 1.337386 -1
109 : 0.923845 0.038545 0.786397 0.177839 -1
110 : 0.998767 0.056253 0.860786 0.694006 -1
111 : 0.960809 0.011142 0.852974 0.638792 -1
112 : 0.973451 0.011016 0.904818 0.181635 -1
113 : 0.873908 0.301248 0.760043 0.367107 -1
114 : 1.193256 0.013674 1.056257 1.468144 -1
115 : 0.998736 0.060628 0.886644 0.971660 -1
117 : 0.947503 0.061698 0.821310 0.575461 -1
118 : 0.946822 0.044276 0.390166 0.382695 -1
122 : 0.998720 0.486909 0.837809 0.230326 -1
123 : 0.947503 0.007061 0.821310 0.170593 -1
126 : 0.998736 0.002256 0.876804 0.868762 -1
127 : 0.936330 0.039149 0.814332 0.299800 -1
128 : 0.937881 0.017943 0.836048 0.616366 -1
129 : 1.049936 0.007685 0.910100 0.873786 -1
130 : 1.090670 0.079894 0.901194 0.134128 -1
135 : 0.886392 0.578783 0.389896 0.743034 -1
133 : 0.998767 0.160642 0.879479 0.984081 -1
134 : 0.998752 0.090248 0.859291 0.684039 -1
136 : 1.071864 0.188979 0.976693 0.322581 -1
137 : 0.919842 0.022546 0.785634 0.728745 -1
138 : 1.097411 0.036615 0.976948 0.213049 -1
139 : 1.024643 0.060163 0.857763 0.469341 -1
140 : 0.998650 0.074668 0.859466 0.476627 -1
141 : 0.998782 0.088684 0.890337 1.120163 -1
142 : 1.061947 0.047072 0.883281 0.735552 -1
143 : 0.980574 0.076935 0.563530 0.358668 -1
144 : 1.052632 0.009102 0.875421 0.772304 -1
146 : 0.959792 0.048714 0.803474 0.152413 -1
148 : 1.084044 0.233208 0.935857 0.313837 -1
149 : 1.186018 0.165653 1.066218 0.448878 -1
150 : 0.937881 0.022669 0.854606 0.415561 -1
151 : 1.175727 0.021171 1.020856 0.187110 -1
154 : 0.948814 0.062191 0.825190 0.369357 -1
155 : 1.034898 0.081520 0.933768 0.178838 -1
159 : 1.229193 0.075400 1.020191 0.783410 -1
161 : 1.073658 0.039532 0.933768 0.273973 -1
162 : 0.951249 0.027887 0.868621 1.422505 -1
163 : 1.159063 0.435783 1.020630 0.040733 -1
164 : 1.045296 0.480060 0.936524 0.170828 -1
165 : 1.096224 0.022014 0.956429 0.285132 -1
166 : 0.861423 0.003989 0.774411 0.409134 -1
168 : 1.077530 0.040448 0.920314 0.068027 -1
170 : 0.998811 0.331801 0.892667 0.778342 -1
171 : 1.128405 0.023652 0.944625 0.721868 -1
172 : 1.024967 0.033958 0.885358 1.038697 -1
173 : 1.046373 0.331427 0.945220 0.753296 -1
175 : 0.961776 0.014089 0.856202 0.971867 -1
178 : 0.972763 0.332484 0.814332 1.438515 -1
179 : 1.035323 0.195102 0.912997 0.812065 -1
180 : 0.960307 0.326625 0.823271 0.453515 -1
182 : 0.986920 0.496277 0.863684 1.193317 -1
184 : 1.097411 0.026222 0.966341 1.052632 -1
185 : 0.961298 0.056040 0.818278 0.955414 -1
186 : 0.985155 0.332647 0.828604 0.298063 -1
187 : 0.948814 0.040618 0.790843 0.119760 -1
1138 : 0.077369 0.117804 0.059970 0.000000 1
189 : 1.035758 0.329374 0.942761 0.876133 -1
191 : 0.973111 0.074313 0.799159 0.735552 -1
192 : 1.061174 0.069095 0.922910 0.169851 -1
195 : 0.936330 0.049060 0.805585 0.871369 -1
197 : 1.098627 0.013417 0.955483 0.124611 -1
200 : 0.856124 0.496559 0.817253 1.141227 -1
201 : 0.973111 0.045651 0.834248 1.084599 -1
202 : 0.946124 0.032320 0.765143 0.316302 -1
203 : 0.998782 0.327868 0.880773 1.428571 -1
206 : 0.897598 0.009151 0.796857 0.039947 -1
207 : 0.925700 0.024595 0.825190 0.371230 -1
208 : 0.961776 0.033551 0.820189 0.756972 -1
210 : 1.115435 0.050627 0.462117 0.011481 -1
212 : 0.948167 0.027313 0.814332 0.900474 -1
213 : 0.913520 0.202795 0.823271 1.241685 -1
214 : 0.998668 0.014386 0.832408 1.025641 -1
215 : 0.961776 0.096910 0.846906 0.893471 -1
1123 : 0.642440 0.230699 0.531972 1.153620 -1
220 : 0.960809 0.002977 0.816327 0.463576 -1
221 : 0.869001 0.224327 0.485156 1.433692 -1
222 : 0.887793 0.022291 0.799112 0.110935 -1
223 : 0.921895 0.027292 0.790340 0.227671 -1
224 : 0.985733 0.056848 0.843507 1.065760 -1
225 : 0.985915 0.042778 0.809674 0.463576 -1
227 : 1.061947 0.017793 0.922064 0.637119 -1
229 : 1.049936 0.016284 0.890337 0.239044 -1
230 : 0.886392 0.027070 0.788013 0.259403 -1
233 : 0.958165 0.056672 0.770901 0.482315 -1
234 : 0.863132 0.011108 0.785634 0.221729 -1
235 : 0.946822 0.318092 0.801317 1.364829 -1
237 : 0.947503 0.052016 0.821310 0.361991 -1
239 : 0.933852 0.027652 0.799112 0.072595 -1
240 : 0.946822 0.105584 0.792617 0.369004 -1
244 : 1.051248 0.015296 0.850159 0.498084 -1
245 : 0.924784 0.014249 0.805585 0.412371 -1
246 : 0.872313 0.011680 0.765816 0.343643 -1
247 : 0.901340 0.002729 0.803474 0.275387 -1
248 : 0.933852 0.054574 0.799112 0.549828 -1
249 : 0.998703 0.056955 0.864198 0.748130 -1
250 : 0.961776 0.028537 0.820189 1.187739 -1
251 : 0.972405 0.127928 0.794844 0.081466 -1
252 : 0.961298 0.063715 0.836048 0.963455 -1
254 : 0.887793 0.071424 0.773362 0.435572 -1
256 : 0.947503 0.043100 0.821310 0.314961 -1
257 : 0.923845 0.024804 0.803474 0.047506 -1
258 : 0.947503 0.041556 0.812294 0.279627 -1
259 : 0.935525 0.027473 0.803474 0.398671 -1
260 : 0.923845 0.065176 0.803474 1.194030 -1
261 : 0.924784 0.023216 0.814332 1.232227 -1
262 : 0.852619 0.125638 0.521999 1.162791 -1
264 : 0.959264 0.025678 0.714985 0.409357 -1
266 : 0.937115 0.027639 0.807651 0.407240 -1
267 : 0.948167 0.068029 0.814332 1.012658 -1
269 : 0.998632 0.340813 0.473718 0.262812 -1
272 : 0.960809 0.043302 0.474703 1.196581 -1
273 : 1.025641 0.001908 0.654608 0.391389 -1
274 : 0.972763 0.011304 0.832408 1.183801 -1
275 : 0.960809 0.109465 0.825190 0.035587 -1
277 : 0.985353 0.042886 0.830527 0.439932 -1
279 : 0.998767 0.316719 0.879479 0.729367 -1
282 : 1.098627 0.023233 0.965971 0.425532 -1
283 : 1.024643 0.084366 0.907003 0.761155 -1
284 : 1.097411 0.068823 0.976948 0.099751 -1
286 : 1.125158 0.004533 0.976948 0.570265 -1
287 : 1.086142 0.313973 0.944625 0.127042 -1
288 : 0.919842 0.015931 0.803674 1.144279 -1
289 : 0.948167 0.046868 0.861079 0.430839 -1
291 : 1.049305 0.037684 0.931538 0.063391 -1
292 : 0.959792 0.043889 0.849598 1.245552 -1
293 : 1.126761 0.021361 1.010333 0.132890 -1
294 : 1.195795 0.037538 1.032917 1.434263 -1
295 : 0.985545 0.051385 0.861079 0.000000 -1
296 : 0.948814 0.369756 0.872560 1.344538 -1
297 : 1.063554 0.003347 0.900110 0.613811 -1
