0.086538 0.084801 0.044554 1
0.000000 0.035190 0.000000 1
0.063636 0.056191 0.034653 1
0.015385 0.069744 0.009950 1
0.087719 0.045543 0.049751 1
0.098765 0.009853 0.039801 1
0.068966 0.066446 0.020619 1
0.683544 0.189942 0.586957 -1
0.906250 0.037722 0.896907 -1
0.837209 0.069229 0.757895 -1
0.987654 0.122162 0.888889 -1
0.678161 0.148574 0.608247 -1
1.036585 0.045049 0.923913 -1
0.837209 0.069229 0.757895 -1
0.729412 0.409560 0.652632 -1
1.011765 0.047340 0.488636 -1
0.923077 0.370075 0.090909 -1
1.083333 0.095962 0.088435 -1
0.020134 0.013343 0.013393 1
0.018519 0.032472 0.010870 1
0.751724 0.066404 0.741497 1
0.021978 0.075890 0.011976 1
0.751724 0.066404 0.741497 1
0.954545 0.079912 0.840000 -1
0.724638 0.042435 0.675676 -1
0.775862 0.143281 0.642857 -1
1.036364 0.117192 0.750000 -1
0.751724 0.066404 0.741497 1
0.868852 0.048092 0.519608 1
0.532468 0.089582 0.500000 1
0.661538 0.180112 0.398148 -1
0.851351 0.309292 0.670213 -1
0.923077 0.206719 0.685714 1
